
EMHASS: Energy Management Optimization for Home Assistant
Use the button below to manually launch optimization task
Day-ahead Optimization
The day-ahead optimization button will run once, based on the values entered into the configuration page.
After a few seconds, the charts and table below should be updated to reflect the optimization plan for the next 24 hours.


EMHASS optimization results
Plotting latest optimization results
Last run optimization results table
index	P_PV	P_Load	P_grid_pos	P_grid_neg	P_grid	P_batt	SOC_opt	batt_stress_cost	soc_deficit_cost	soc_surplus_cost	unit_load_cost	unit_prod_price	maximum_power_from_grid	maximum_power_to_grid	cost_profit	cost_fun_profit
2026-08-29 15:15:00+02:00	1545	905	14359	0	14359	-15000	0.533	0.014	0.0	0.0	0.001	-0.024	17200.0	17200.0	-0.004	-0.004
2026-08-29 15:30:00+02:00	916	905	14988	0	14988	-15000	0.646	0.014	0.0	0.0	0.002	-0.023	17200.0	17200.0	-0.007	-0.007
2026-08-29 15:45:00+02:00	570	905	13290	0	13290	-12955	0.743	0.010	0.0	0.0	0.010	-0.015	17200.0	17200.0	-0.033	-0.033
2026-08-29 16:00:00+02:00	437	3245	17200	0	17200	-14392	0.852	0.013	0.0	0.0	0.000	-0.025	17200.0	17200.0	-0.000	-0.000
2026-08-29 16:15:00+02:00	409	3245	17200	0	17200	-14364	0.960	0.013	0.0	0.0	0.005	-0.020	17200.0	17200.0	-0.022	-0.022
2026-08-29 16:30:00+02:00	394	3245	2850	0	2850	0	0.960	0.000	0.0	0.0	0.036	0.011	17200.0	17200.0	-0.026	-0.026
2026-08-29 16:45:00+02:00	345	3245	0	0	0	2899	0.938	0.001	0.0	0.0	0.072	0.047	17200.0	17200.0	-0.000	-0.000
2026-08-29 17:00:00+02:00	297	1931	4532	0	4532	-2899	0.960	0.001	0.0	0.0	0.058	0.033	17200.0	17200.0	-0.066	-0.066
2026-08-29 17:15:00+02:00	262	1931	1668	0	1668	0	0.960	0.000	0.0	0.0	0.111	0.086	17200.0	17200.0	-0.046	-0.046
2026-08-29 17:30:00+02:00	215	1931	1715	0	1715	0	0.960	0.000	0.0	0.0	0.144	0.119	17200.0	17200.0	-0.062	-0.062
2026-08-29 17:45:00+02:00	161	1931	0	0	0	1769	0.947	0.000	0.0	0.0	0.180	0.155	17200.0	17200.0	-0.000	-0.000
2026-08-29 18:00:00+02:00	94	834	2508	0	2508	-1769	0.960	0.000	0.0	0.0	0.155	0.130	17200.0	17200.0	-0.097	-0.097
2026-08-29 18:15:00+02:00	30	834	803	0	803	0	0.960	0.000	0.0	0.0	0.162	0.137	17200.0	17200.0	-0.033	-0.033
2026-08-29 18:30:00+02:00	0	834	0	0	0	834	0.954	0.000	0.0	0.0	0.197	0.172	17200.0	17200.0	-0.000	-0.000
2026-08-29 18:45:00+02:00	0	834	0	-13305	-13305	14139	0.847	0.012	0.0	0.0	0.218	0.193	17200.0	17200.0	0.642	0.642
2026-08-29 19:00:00+02:00	0	854	0	0	0	854	0.841	0.000	0.0	0.0	0.199	0.174	17200.0	17200.0	-0.000	-0.000
2026-08-29 19:15:00+02:00	0	854	0	-11146	-11146	12000	0.750	0.009	0.0	0.0	0.217	0.192	17200.0	17200.0	0.535	0.535
2026-08-29 19:30:00+02:00	0	854	0	-14146	-14146	15000	0.638	0.014	0.0	0.0	0.235	0.210	17200.0	17200.0	0.743	0.743
2026-08-29 19:45:00+02:00	0	854	0	-14146	-14146	15000	0.525	0.014	0.0	0.0	0.249	0.224	17200.0	17200.0	0.792	0.792
2026-08-29 20:00:00+02:00	0	1211	0	-13789	-13789	15000	0.412	0.014	0.0	0.0	0.251	0.226	17200.0	17200.0	0.779	0.779
2026-08-29 20:15:00+02:00	0	1211	0	-13789	-13789	15000	0.299	0.014	0.0	0.0	0.231	0.206	17200.0	17200.0	0.710	0.710
2026-08-29 20:30:00+02:00	0	1211	0	-6289	-6289	7500	0.242	0.003	0.0	0.0	0.215	0.190	17200.0	17200.0	0.299	0.299
2026-08-29 20:45:00+02:00	0	1211	0	-3289	-3289	4500	0.208	0.001	0.0	0.0	0.213	0.188	17200.0	17200.0	0.155	0.155
2026-08-29 21:00:00+02:00	0	1065	0	-13935	-13935	15000	0.095	0.014	0.0	0.0	0.242	0.217	17200.0	17200.0	0.756	0.756
2026-08-29 21:15:00+02:00	0	1065	0	0	0	1065	0.087	0.000	0.0	0.0	0.209	0.184	17200.0	17200.0	-0.000	-0.000
2026-08-29 21:30:00+02:00	0	1065	0	0	0	1065	0.079	0.000	0.0	0.0	0.196	0.171	17200.0	17200.0	-0.000	-0.000
2026-08-29 21:45:00+02:00	0	1065	1065	0	1065	0	0.079	0.000	0.0	0.0	0.185	0.160	17200.0	17200.0	-0.049	-0.049
2026-08-29 22:00:00+02:00	0	1297	0	0	0	1297	0.070	0.000	0.0	0.0	0.208	0.183	17200.0	17200.0	-0.000	-0.000
2026-08-29 22:15:00+02:00	0	1297	0	0	0	1297	0.060	0.000	0.0	0.0	0.188	0.163	17200.0	17200.0	-0.000	-0.000
2026-08-29 22:30:00+02:00	0	1297	0	0	0	1297	0.050	0.000	0.0	0.0	0.190	0.165	17200.0	17200.0	-0.000	-0.000
2026-08-29 22:45:00+02:00	0	1297	1297	0	1297	0	0.050	0.000	0.0	0.0	0.182	0.157	17200.0	17200.0	-0.059	-0.059
2026-08-29 23:00:00+02:00	0	1038	1038	0	1038	0	0.050	0.000	0.0	0.0	0.179	0.154	17200.0	17200.0	-0.046	-0.046
2026-08-29 23:15:00+02:00	0	1038	1038	0	1038	0	0.050	0.000	0.0	0.0	0.171	0.146	17200.0	17200.0	-0.044	-0.044
2026-08-29 23:30:00+02:00	0	1038	1038	0	1038	0	0.050	0.000	0.0	0.0	0.175	0.150	17200.0	17200.0	-0.045	-0.045
2026-08-29 23:45:00+02:00	0	1038	1038	0	1038	0	0.050	0.000	0.0	0.0	0.168	0.143	17200.0	17200.0	-0.044	-0.044
2026-08-30 00:00:00+02:00	0	1088	1088	0	1088	0	0.050	0.000	0.0	0.0	0.163	0.138	17200.0	17200.0	-0.044	-0.044
2026-08-30 00:15:00+02:00	0	1088	1088	0	1088	0	0.050	0.000	0.0	0.0	0.150	0.125	17200.0	17200.0	-0.041	-0.041
2026-08-30 00:30:00+02:00	0	1088	1088	0	1088	0	0.050	0.000	0.0	0.0	0.134	0.109	17200.0	17200.0	-0.036	-0.036
2026-08-30 00:45:00+02:00	0	1088	1853	0	1853	-765	0.056	0.000	0.0	0.0	0.120	0.095	17200.0	17200.0	-0.056	-0.056
2026-08-30 01:00:00+02:00	0	765	0	0	0	765	0.050	0.000	0.0	0.0	0.132	0.107	17200.0	17200.0	-0.000	-0.000
2026-08-30 01:15:00+02:00	0	765	765	0	765	0	0.050	0.000	0.0	0.0	0.126	0.101	17200.0	17200.0	-0.024	-0.024
2026-08-30 01:30:00+02:00	0	765	765	0	765	0	0.050	0.000	0.0	0.0	0.122	0.097	17200.0	17200.0	-0.023	-0.023
2026-08-30 01:45:00+02:00	0	765	765	0	765	0	0.050	0.000	0.0	0.0	0.117	0.092	17200.0	17200.0	-0.022	-0.022
2026-08-30 02:00:00+02:00	0	833	833	0	833	0	0.050	0.000	0.0	0.0	0.120	0.095	17200.0	17200.0	-0.025	-0.025
2026-08-30 02:15:00+02:00	0	833	833	0	833	0	0.050	0.000	0.0	0.0	0.107	0.082	17200.0	17200.0	-0.022	-0.022
2026-08-30 02:30:00+02:00	0	833	833	0	833	0	0.050	0.000	0.0	0.0	0.098	0.073	17200.0	17200.0	-0.020	-0.020
2026-08-30 02:45:00+02:00	0	833	1690	0	1690	-857	0.056	0.000	0.0	0.0	0.093	0.068	17200.0	17200.0	-0.039	-0.039
2026-08-30 03:00:00+02:00	0	857	0	0	0	857	0.050	0.000	0.0	0.0	0.107	0.082	17200.0	17200.0	-0.000	-0.000
2026-08-30 03:15:00+02:00	0	857	857	0	857	0	0.050	0.000	0.0	0.0	0.095	0.070	17200.0	17200.0	-0.020	-0.020
2026-08-30 03:30:00+02:00	0	857	857	0	857	0	0.050	0.000	0.0	0.0	0.090	0.065	17200.0	17200.0	-0.019	-0.019
2026-08-30 03:45:00+02:00	0	857	5357	0	5357	-4500	0.084	0.001	0.0	0.0	0.079	0.054	17200.0	17200.0	-0.106	-0.106
2026-08-30 04:00:00+02:00	0	926	926	0	926	0	0.084	0.000	0.0	0.0	0.085	0.060	17200.0	17200.0	-0.020	-0.020
2026-08-30 04:15:00+02:00	0	926	2489	0	2489	-1563	0.096	0.000	0.0	0.0	0.080	0.055	17200.0	17200.0	-0.050	-0.050
2026-08-30 04:30:00+02:00	0	926	926	0	926	0	0.096	0.000	0.0	0.0	0.082	0.057	17200.0	17200.0	-0.019	-0.019
2026-08-30 04:45:00+02:00	0	926	926	0	926	0	0.096	0.000	0.0	0.0	0.083	0.058	17200.0	17200.0	-0.019	-0.019
2026-08-30 05:00:00+02:00	0	1210	0	0	0	1210	0.087	0.000	0.0	0.0	0.088	0.063	17200.0	17200.0	-0.000	-0.000
2026-08-30 05:15:00+02:00	0	1210	1210	0	1210	0	0.087	0.000	0.0	0.0	0.085	0.060	17200.0	17200.0	-0.026	-0.026
2026-08-30 05:30:00+02:00	0	1210	1210	0	1210	0	0.087	0.000	0.0	0.0	0.086	0.061	17200.0	17200.0	-0.026	-0.026
2026-08-30 05:45:00+02:00	0	1210	0	0	0	1210	0.077	0.000	0.0	0.0	0.088	0.063	17200.0	17200.0	-0.000	-0.000
2026-08-30 06:00:00+02:00	0	1221	1221	0	1221	0	0.077	0.000	0.0	0.0	0.082	0.057	17200.0	17200.0	-0.025	-0.025
2026-08-30 06:15:00+02:00	0	1221	1221	0	1221	0	0.077	0.000	0.0	0.0	0.086	0.061	17200.0	17200.0	-0.026	-0.026
2026-08-30 06:30:00+02:00	0	1221	0	0	0	1221	0.068	0.000	0.0	0.0	0.089	0.064	17200.0	17200.0	-0.000	-0.000
2026-08-30 06:45:00+02:00	0	1221	0	0	0	1221	0.059	0.000	0.0	0.0	0.089	0.064	17200.0	17200.0	-0.000	-0.000
2026-08-30 07:00:00+02:00	0	1201	0	0	0	1201	0.050	0.000	0.0	0.0	0.092	0.067	17200.0	17200.0	-0.000	-0.000
2026-08-30 07:15:00+02:00	0	1201	1201	0	1201	0	0.050	0.000	0.0	0.0	0.076	0.051	17200.0	17200.0	-0.023	-0.023
2026-08-30 07:30:00+02:00	0	1201	1201	0	1201	0	0.050	0.000	0.0	0.0	0.068	0.043	17200.0	17200.0	-0.020	-0.020
2026-08-30 07:45:00+02:00	0	1201	1201	0	1201	0	0.050	0.000	0.0	0.0	0.051	0.026	17200.0	17200.0	-0.015	-0.015
2026-08-30 08:00:00+02:00	0	1639	1639	0	1639	0	0.050	0.000	0.0	0.0	0.043	0.018	17200.0	17200.0	-0.018	-0.018
2026-08-30 08:15:00+02:00	68	1639	1570	0	1570	0	0.050	0.000	0.0	0.0	0.025	0.000	17200.0	17200.0	-0.010	-0.010
2026-08-30 08:30:00+02:00	146	1639	1492	0	1492	0	0.050	0.000	0.0	0.0	0.011	-0.014	17200.0	17200.0	-0.004	-0.004
2026-08-30 08:45:00+02:00	247	1639	1391	0	1391	0	0.050	0.000	0.0	0.0	0.000	-0.025	17200.0	17200.0	-0.000	-0.000
2026-08-30 09:00:00+02:00	357	1328	970	0	970	0	0.050	0.000	0.0	0.0	0.002	-0.023	17200.0	17200.0	-0.000	-0.000
2026-08-30 09:15:00+02:00	484	1328	843	0	843	0	0.050	0.000	0.0	0.0	0.000	-0.025	17200.0	17200.0	-0.000	-0.000
2026-08-30 09:30:00+02:00	638	1328	689	0	689	0	0.050	0.000	0.0	0.0	0.000	-0.025	17200.0	17200.0	-0.000	-0.000
2026-08-30 09:45:00+02:00	836	1328	491	0	491	0	0.050	0.000	0.0	0.0	-0.001	-0.026	17200.0	17200.0	0.000	0.000
2026-08-30 10:00:00+02:00	1126	1924	797	0	797	0	0.050	0.000	0.0	0.0	0.000	-0.025	17200.0	17200.0	-0.000	-0.000
2026-08-30 10:15:00+02:00	1454	1924	469	0	469	0	0.050	0.000	0.0	0.0	0.000	-0.025	17200.0	17200.0	-0.000	-0.000
2026-08-30 10:30:00+02:00	1710	1924	213	0	213	0	0.050	0.000	0.0	0.0	0.000	-0.025	17200.0	17200.0	-0.000	-0.000
2026-08-30 10:45:00+02:00	1749	1924	174	0	174	0	0.050	0.000	0.0	0.0	0.000	-0.025	17200.0	17200.0	-0.000	-0.000
2026-08-30 11:00:00+02:00	1519	4986	3466	0	3466	0	0.050	0.000	0.0	0.0	0.000	-0.025	17200.0	17200.0	-0.000	-0.000
2026-08-30 11:15:00+02:00	1162	4986	3823	0	3823	0	0.050	0.000	0.0	0.0	0.000	-0.025	17200.0	17200.0	-0.000	-0.000
2026-08-30 11:30:00+02:00	835	4986	4150	0	4150	0	0.050	0.000	0.0	0.0	0.000	-0.025	17200.0	17200.0	-0.000	-0.000
2026-08-30 11:45:00+02:00	641	4986	4344	0	4344	0	0.050	0.000	0.0	0.0	0.000	-0.025	17200.0	17200.0	-0.000	-0.000
2026-08-30 12:00:00+02:00	543	8668	8124	0	8124	0	0.050	0.000	0.0	0.0	-0.001	-0.026	17200.0	17200.0	0.002	0.002
2026-08-30 12:15:00+02:00	483	8668	8184	0	8184	0	0.050	0.000	0.0	0.0	-0.001	-0.026	17200.0	17200.0	0.002	0.002
2026-08-30 12:30:00+02:00	432	8668	8235	0	8235	0	0.050	0.000	0.0	0.0	-0.001	-0.026	17200.0	17200.0	0.002	0.002
2026-08-30 12:45:00+02:00	346	8668	8321	0	8321	0	0.050	0.000	0.0	0.0	-0.001	-0.026	17200.0	17200.0	0.002	0.002
2026-08-30 13:00:00+02:00	172	728	555	0	555	0	0.050	0.000	0.0	0.0	-0.001	-0.026	17200.0	17200.0	0.000	0.000
2026-08-30 13:15:00+02:00	29	728	698	0	698	0	0.050	0.000	0.0	0.0	-0.001	-0.026	17200.0	17200.0	0.000	0.000
2026-08-30 13:30:00+02:00	49	728	678	0	678	0	0.050	0.000	0.0	0.0	-0.001	-0.026	17200.0	17200.0	0.000	0.000
2026-08-30 13:45:00+02:00	406	728	321	0	321	0	0.050	0.000	0.0	0.0	-0.001	-0.026	17200.0	17200.0	0.000	0.000
2026-08-30 14:00:00+02:00	1228	268	0	0	0	-960	0.057	0.000	0.0	0.0	-0.001	-0.026	17200.0	17200.0	0.000	0.000
2026-08-30 14:15:00+02:00	2335	268	0	-567	-567	-1500	0.069	0.000	0.0	0.0	-0.001	-0.026	17200.0	17200.0	-0.004	-0.004
2026-08-30 14:30:00+02:00	3389	268	0	-1621	-1621	-1500	0.080	0.000	0.0	0.0	-0.001	-0.026	17200.0	17200.0	-0.011	-0.011
2026-08-30 14:45:00+02:00	3872	268	0	-924	-924	-2679	0.100	0.000	0.0	0.0	-0.001	-0.026	17200.0	17200.0	-0.006	-0.006
2026-08-30 15:00:00+02:00	3858	905	0	-2953	-2953	0	0.100	0.000	0.0	0.0	0.000	-0.025	17200.0	17200.0	-0.018	-0.018
Summary table for latest optimization results
Variable	Value
cost_profit	3.899
cost_fun_profit	3.899
optim_status	Optimal
© MIT License | Copyright (c) 2021-2025 David HERNANDEZ
